Surv,N,Class,isChild,Sex,Age
20,23,Crew,Adult,2,20
192,862,Crew,Adult,1,30
1,1,First,Child,2,10
5,5,First,Child,1,12
13,13,Second,Child,2,5